results from baselines:
{'acccuracy_naive_bayes': 0.9441968911917098, 'accuracy_logistic_regression': 0.9533160621761658, 'f1score_naive_bayes': 0.9060018267294145, 'f1score_logistic_regression': 0.9140008863378332}

Amount,TPR,FPR and Pecision for each class - Naive Bayes:
[('Software', 1720, 0.9383720930232559, 0.0019292604501607716, 0.9962962962962963), ('Løn', 1220, 0.9975409836065574, 0.0008310249307479224, 0.9975409836065574), ('Konsulenter', 915, 0.9836065573770492, 0.04597701149425287, 0.8333333333333334), ('Hardware', 880, 0.9193181818181818, 0.004050632911392405, 0.9806060606060606), ('Andre omkostninger', 95, 0.7368421052631579, 0.0031678986272439284, 0.8235294117647058), ('løn', 0, 0, 0.0, 0), ('andre omkostninger', 0, 0, 0.0, 0)]

Amount,TPR,FPR and Pecision for each class - Logistic Regression:
[('Software', 1720, 0.9523255813953488, 0.0022508038585209, 0.9957446808510638), ('Løn', 1220, 0.9967213114754099, 0.0, 1.0), ('Konsulenter', 915, 0.9814207650273225, 0.035759897828863345, 0.8651252408477842), ('Hardware', 880, 0.9443181818181818, 0.004556962025316456, 0.9787985865724381), ('Andre omkostninger', 95, 0.7052631578947368, 0.0031678986272439284, 0.8170731707317073), ('løn', 0, 0, 0.0, 0), ('andre omkostninger', 0, 0, 0.0, 0)]

data amounts:
range(100, 19319, 100)

f1scores naive bayes:
[0.6549159663865547, 0.5201641586867305, 0.56235926628716, 0.525972482801751, 0.6709816491141559, 0.5364274322169059, 0.6053491837702364, 0.6188883178162881, 0.6604833061113423, 0.684790432301953, 0.6029118845275163, 0.6574949645067946, 0.6572304166750298, 0.7441603334417038, 0.7680319320551656, 0.7606524382645632, 0.7307831179775641, 0.7244272009775583, 0.7311421430802874, 0.6953137739273959, 0.7465856236627465, 0.7974245405619423, 0.823049370377298, 0.6843637149218685, 0.6741456025510361, 0.7187579743212881, 0.7137107809483684, 0.7270036532893985, 0.702417432714017, 0.6987352837362107, 0.7075082405481348, 0.7018149517425878, 0.6943897733271106, 0.7065351810977407, 0.7121851756647908, 0.7036825868969311, 0.6975171954282022, 0.691629227233691, 0.7027290667240906, 0.699558473157644, 0.8504752537947023, 0.8460773771137052, 0.8485110356068339, 0.8324966586528066, 0.8140726646461649, 0.783180917366743, 0.7683221996561543, 0.7927368701700469, 0.7957971982636849, 0.8411816998071293, 0.8287402229552224, 0.8262121301318137, 0.8452160068112151, 0.845297022274905, 0.8548359512395391, 0.8486229868158475, 0.8521643128525594, 0.856491875199522, 0.8447574519275628, 0.8451726798013067, 0.8730661652160089, 0.8485895078379337, 0.8507531176726221, 0.8542089946778393, 0.856791645375366, 0.8572749403028768, 0.8585129312080981, 0.8539672143905142, 0.8614168748576332, 0.8620081483330084, 0.8621250610795899, 0.8653462216872737, 0.8714035354628095, 0.859860689670628, 0.8685948069911896, 0.8617603051952683, 0.8605394699451364, 0.8601752540758176, 0.864347162982988, 0.860041949418083, 0.8477733974253107, 0.8457143035926579, 0.8447357747963105, 0.8445142879257893, 0.8384005304079934, 0.8361707299091247, 0.8374206331936633, 0.8359832291760498, 0.8312446757140742, 0.8308151589381223, 0.8386088701970219, 0.828614329483031, 0.8309975034108079, 0.8300771334253543, 0.8220003295936091, 0.8176525783433222, 0.819697168401476, 0.8237531661476202, 0.8255729076599794, 0.8228709048688114, 0.825135287737029, 0.8323299200272201, 0.8289413793970417, 0.8294147994561137, 0.8407882371209897, 0.8813772077628786, 0.8873749561019282, 0.8872871035111645, 0.8930795042439459, 0.8923674859945414, 0.8965691963318538, 0.8998056828010048, 0.8979130734439869, 0.8970041471441833, 0.8965321709584918, 0.8977525113201981, 0.8970294093716653, 0.8940117106936399, 0.8945796873411079, 0.9010462678692087, 0.9023866818629143, 0.908650831882835, 0.908397308279243, 0.9085344042820326, 0.911552636583222, 0.9154491504857454, 0.9194072298580488, 0.9231726421277328, 0.9211288496160923, 0.9206104805038388, 0.9232367754783221, 0.920130559530564, 0.9182591528161326, 0.920408637149727, 0.9192660547270461, 0.9204873451725409, 0.920669066409872, 0.9197751018359284, 0.9272122178523765, 0.9297387986387361, 0.9271496600106404, 0.9264195422982536, 0.9282082505466884, 0.9256490743689321, 0.9257653286137051, 0.9252691795892983, 0.9284798181580107, 0.9295670343110336, 0.9299233211788308, 0.930623854209818, 0.9316242396790558, 0.9317657455366559, 0.9322090117782244, 0.9315855477778303, 0.9318802497959928, 0.9293300563638057, 0.9258555347976788, 0.9276192292323259, 0.9267838458398967, 0.92846121349338, 0.9285428968973729, 0.9310516209039021, 0.9295452852948981, 0.9365111001824742, 0.9399617538309473, 0.9410310840772856, 0.9408249111073992, 0.9396797801746407, 0.9402248084163328, 0.9394036799492619, 0.9392641960495123, 0.9386569498321289, 0.9402364889759341, 0.9396456368134378, 0.9381639668322256, 0.9406988079056132, 0.9410180857486917, 0.9416950331952769, 0.9434330398950466, 0.9426353297146757, 0.9421883222906196, 0.9402100597118221, 0.9394199361561314, 0.9380530784603651, 0.9348685374968242, 0.9339867748287126, 0.9286854182885544, 0.9297076807317637, 0.9278966930516132, 0.928625192676106, 0.9237479689327844, 0.9191744945886725, 0.9060018267294145]

f1scores logistic regression:
[0.6267880485527545, 0.4304761904761905, 0.5646459991621282, 0.5553034547152195, 0.6891297967569154, 0.4877107313049145, 0.5913135228251507, 0.6195891099975913, 0.6702394804075477, 0.6835122217807832, 0.6224409140922156, 0.6657908246012383, 0.6571610003528667, 0.7277035080698941, 0.7764985972050473, 0.7626578694261735, 0.7774831634229225, 0.7426440224935277, 0.7264065335753176, 0.6729068090329886, 0.7437584847144332, 0.793569666491198, 0.810646791332709, 0.6670418924764817, 0.6783698076195303, 0.7104241815535118, 0.7256811335294941, 0.7413964330143246, 0.7305254350548777, 0.716583914335779, 0.723577773742998, 0.7258314360796311, 0.7214522048865052, 0.706853233936026, 0.703262863373543, 0.6941364227813824, 0.6872290817215954, 0.6783787183082958, 0.7004914780049508, 0.7088174762923777, 0.8504641725625237, 0.8506906605230046, 0.8449376910550525, 0.8573247444909569, 0.8089428002092738, 0.8063565039315834, 0.8018875293543825, 0.8150220737857875, 0.8151695036794425, 0.8354423068807854, 0.8394029950809689, 0.8361914509297876, 0.8664242950979103, 0.8578051774868033, 0.8403521927015859, 0.8354565713922635, 0.8374685797445538, 0.8380450245651683, 0.7868478939409362, 0.7891962630319638, 0.8143062013689746, 0.8322606091397876, 0.8306601959619838, 0.8274791758830096, 0.8371648140713677, 0.8390685375578941, 0.8390804526625038, 0.8453876123655002, 0.8566111342413334, 0.8631096049317717, 0.8602269529450699, 0.863860270673631, 0.8609335203492647, 0.857381088735432, 0.8686091435720964, 0.8620445423105467, 0.8588477389491158, 0.8489902900572385, 0.8604387229245578, 0.8542098917441878, 0.8362239153922459, 0.8407617760692712, 0.8301459622051313, 0.8305658023869635, 0.8334831612302286, 0.8268879228065585, 0.8234147234055189, 0.8124747808469974, 0.8131326782070951, 0.8172006170110551, 0.8445091613702512, 0.8336729195647825, 0.8357970978568238, 0.8276651176660419, 0.8260178191783953, 0.8200928017791467, 0.8245561666799538, 0.8221702052161987, 0.8289362603042401, 0.8280135421322535, 0.8365355015475346, 0.8468578560852158, 0.8422587461374635, 0.8543745793860049, 0.8569397539736068, 0.8928282652721737, 0.9117374199397821, 0.914729709342154, 0.9135623525631222, 0.9144241754563124, 0.9190630515708879, 0.9235938950024504, 0.921970260537897, 0.9211061727712568, 0.9201386104385398, 0.9281211994555182, 0.9232155011363359, 0.9191268265943191, 0.9181655141096572, 0.914150298272694, 0.9149530033879993, 0.9248317761438141, 0.9352063062430541, 0.9305257639425036, 0.9344220475920583, 0.934617332703686, 0.9345116452440845, 0.934123031675745, 0.9349305236050215, 0.9324898333886418, 0.9367310344968878, 0.9332468541157748, 0.9300112828902541, 0.9300951563941303, 0.9287421858267952, 0.9288594875485969, 0.93178573164783, 0.9299716034388208, 0.9330884503782219, 0.9330397283434425, 0.9322634249292108, 0.9315800126038338, 0.9335261213168262, 0.9320981796604595, 0.9327856101037568, 0.931507764006747, 0.934164067708998, 0.9341623948692243, 0.9344760904146738, 0.9350611420039134, 0.9358502176015596, 0.9359747555034257, 0.9369294907963128, 0.936399220489865, 0.9355807670934831, 0.9352098408749683, 0.9314672423624444, 0.9332503164144773, 0.9330748255902186, 0.9321502758059738, 0.9334474997168817, 0.9350429011492265, 0.9353691890722527, 0.9372847921795191, 0.9431862909005595, 0.9429337993946616, 0.9427601900767445, 0.9423907977880011, 0.9435135234110156, 0.9446711318541157, 0.9443284427552606, 0.9439326186957077, 0.9434266110903274, 0.9431085170150101, 0.9413733613161323, 0.9444240286776546, 0.94621427940254, 0.9467645037775785, 0.9478742499969788, 0.9463199368277114, 0.9472314889202864, 0.9462061938122257, 0.9457343685075867, 0.9424669393332719, 0.9394303238526822, 0.9389156311302999, 0.9353413844005338, 0.9369456989029779, 0.9355666336085672, 0.9360456740852651, 0.9302926082187244, 0.9283491071150634, 0.9140008863378332]

